ntor	|An|^2	Re[An]	Im[An]	Ntor
-200	5.11631E-006	0.00207506	-0.000900235	-80
-199	4.31674E-006	0.00156061	-0.00137158	-79.6
-198	3.87104E-006	0.000954779	-0.0017203	-79.2
-197	3.80401E-006	0.000288251	-0.00192897	-78.8
-196	4.11513E-006	-0.000405078	-0.00198772	-78.4
-195	4.77834E-006	-0.00108996	-0.00189481	-78
-194	5.74374E-006	-0.00173178	-0.00165671	-77.6
-193	6.94093E-006	-0.00229844	-0.00128768	-77.2
-192	8.28389E-006	-0.00276214	-0.000809011	-76.8
-191	9.677E-006	-0.00310091	-0.000247706	-76.4
-190	1.10217E-005	-0.00329977	0.00036503	-76
-189	1.22236E-005	-0.00335148	0.000995597	-75.6
-188	1.31988E-005	-0.00325683	0.00160992	-75.2
-187	1.38797E-005	-0.00302449	0.00217535	-74.8
-186	1.42197E-005	-0.00267036	0.0026625	-74.4
-185	1.41962E-005	-0.00221655	0.00304682	-74
-184	1.38112E-005	-0.00168995	0.00330988	-73.6
-183	1.30913E-005	-0.00112062	0.00344027	-73.2
-182	1.20844E-005	-0.000539966	0.00343407	-72.8
-181	1.08563E-005	2.10809E-005	0.00329482	-72.4
-180	9.48492E-006	0.000533855	0.00303314	-72
-179	8.05424E-006	0.000973527	0.0026658	-71.6
-178	6.64788E-006	0.00132042	0.00221458	-71.2
-177	5.34282E-006	0.00156097	0.00170476	-70.8
-176	4.20391E-006	0.00168827	0.00116346	-70.4
-175	3.27944E-006	0.00170222	0.00061798	-70
-174	2.59825E-006	0.00160916	9.4083E-005	-69.6
-173	2.16855E-006	0.00142125	-0.000385481	-69.2
-172	1.97845E-006	0.00115535	-0.000802252	-68.8
-171	1.99828E-006	0.000831764	-0.001143	-68.4
-170	2.18426E-006	0.000472693	-0.00140029	-68
-169	2.48341E-006	0.000100724	-0.00157266	-67.6
-168	2.83913E-006	-0.000262717	-0.00166437	-67.2
-167	3.19696E-006	-0.000598755	-0.00168477	-66.8
-166	3.51008E-006	-0.00089223	-0.00164742	-66.4
-165	3.74397E-006	-0.00113256	-0.00156884	-66
-164	3.87992E-006	-0.00131428	-0.00146717	-65.6
-163	3.917E-006	-0.00143715	-0.00136073	-65.2
-162	3.87232E-006	-0.00150595	-0.00126667	-64.8
-161	3.77957E-006	-0.00152985	-0.00119964	-64.4
-160	3.68594E-006	-0.00152156	-0.00117081	-64
-159	3.6476E-006	-0.00149617	-0.00118704	-63.6
-158	3.72434E-006	-0.0014699	-0.0012505	-63.2
-157	3.97353E-006	-0.00145872	-0.00135856	-62.8
-156	4.44413E-006	-0.00147709	-0.0015041	-62.4
-155	5.17128E-006	-0.00153683	-0.00167614	-62
-154	6.17181E-006	-0.00164609	-0.0018607	-61.6
-153	7.4412E-006	-0.00180876	-0.00204196	-61.2
-152	8.95232E-006	-0.00202412	-0.00220346	-60.8
-151	1.0656E-005	-0.00228684	-0.00232945	-60.4
-150	1.24834E-005	-0.00258732	-0.00240606	-60
-149	1.43503E-005	-0.00291242	-0.00242242	-59.6
-148	1.61626E-005	-0.00324632	-0.0023715	-59.2
-147	1.7823E-005	-0.00357173	-0.00225071	-58.8
-146	1.92379E-005	-0.00387108	-0.00206218	-58.4
-145	2.03244E-005	-0.00412782	-0.00181259	-58
-144	2.10168E-005	-0.00432761	-0.00151282	-57.6
-143	2.12715E-005	-0.00445934	-0.00117718	-57.2
-142	2.10705E-005	-0.00451598	-0.000822455	-56.8
-141	2.04231E-005	-0.00449503	-0.000466695	-56.4
-140	1.93656E-005	-0.00439878	-0.000128008	-56
-139	1.79586E-005	-0.00423408	0.000176729	-55.6
-138	1.62827E-005	-0.00401188	0.000433038	-55.2
-137	1.44327E-005	-0.00374647	0.000629841	-54.8
-136	1.25107E-005	-0.00345438	0.000760206	-54.4
-135	1.06185E-005	-0.00315327	0.000821807	-54
-134	8.85052E-006	-0.00286059	0.000817028	-53.6
-133	7.28706E-006	-0.00259238	0.000752737	-53.2
-132	5.98872E-006	-0.00236209	0.000639721	-52.8
-131	4.99271E-006	-0.00217963	0.000491839	-52.4
-130	4.31095E-006	-0.0020507	0.000324937	-52
-129	3.93028E-006	-0.00197638	0.000155629	-51.6
-128	3.8147E-006	-0.00195312	-2.1684E-019	-51.2
-127	3.90941E-006	-0.0019731	-0.000127635	-50.8
-126	4.14639E-006	-0.00202479	-0.000215857	-50.4
-125	4.45088E-006	-0.00209399	-0.000257043	-50
-124	4.74833E-006	-0.00216491	-0.000247989	-49.6
-123	4.97113E-006	-0.00222148	-0.000190194	-49.2
-122	5.06456E-006	-0.00224867	-8.97789E-005	-48.8
-121	4.99152E-006	-0.00223376	4.29463E-005	-48.4
-120	4.73553E-006	-0.00216744	0.000194256	-48
-119	4.3018E-006	-0.00204466	0.000348061	-47.6
-118	3.71633E-006	-0.00186521	0.000487167	-47.2
-117	3.02305E-006	-0.00163384	0.000594653	-46.8
-116	2.27938E-006	-0.00136015	0.00065526	-46.4
-115	1.55055E-006	-0.00105797	0.000656694	-46
-114	9.03162E-007	-0.000744435	0.000590745	-45.6
-113	3.98783E-007	-0.000438817	0.000454118	-45.2
-112	8.79208E-008	-0.00016111	0.000248926	-44.8
-111	5.12183E-009	6.94667E-005	-1.72104E-005	-44.4
-110	1.65563E-007	0.00023597	-0.000331483	-44
-109	5.63491E-007	0.000325103	-0.000676609	-43.6
-108	1.17265E-006	0.000328374	-0.0010319	-43.2
-107	1.94865E-006	0.000242932	-0.00137464	-42.8
-106	2.83307E-006	7.20137E-005	-0.00168163	-42.4
-105	3.75892E-006	-0.000175032	-0.00193088	-42
-104	4.65682E-006	-0.000483181	-0.00210318	-41.6
-103	5.46148E-006	-0.000832598	-0.00218363	-41.2
-102	6.11767E-006	-0.00119988	-0.00216286	-40.8
-101	6.58512E-006	-0.00155962	-0.00203782	-40.4
-100	6.84187E-006	-0.00188613	-0.00181228	-40
-99	6.88571E-006	-0.00215534	-0.00149674	-39.6
-98	6.73344E-006	-0.00234652	-0.00110784	-39.2
-97	6.41816E-006	-0.00244392	-0.00066739	-38.8
-96	5.98464E-006	-0.00243809	-0.00020088	-38.4
-95	5.48356E-006	-0.00232674	0.00026428	-38
-94	4.96489E-006	-0.00211514	0.000700751	-37.6
-93	4.47152E-006	-0.00181601	0.00108334	-37.2
-92	4.03376E-006	-0.00144877	0.00139098	-36.8
-91	3.66559E-006	-0.00103835	0.00160855	-36.4
-90	3.36324E-006	-0.000613458	0.00172827	-36
-89	3.10673E-006	-0.000204558	0.00175068	-35.6
-88	2.86453E-006	0.000158464	0.00168506	-35.2
-87	2.60114E-006	0.00044867	0.00154914	-34.8
-86	2.28754E-006	0.000644375	0.00136833	-34.4
-85	1.91336E-006	0.000731209	0.00117418	-34
-84	1.50015E-006	0.000703772	0.00100242	-33.6
-83	1.11428E-006	0.000566755	0.000890544	-33.2
-82	8.78208E-007	0.00033541	0.000875047	-32.8
-81	9.78694E-007	3.53121E-005	0.000988659	-32.4
-80	1.67066E-006	-0.000298615	0.00125757	-32
-79	3.27557E-006	-0.000623782	0.00169896	-31.6
-78	6.1736E-006	-0.000892255	0.00231894	-31.2
-77	1.07892E-005	-0.0010536	0.00311114	-30.8
-76	1.75704E-005	-0.00105806	0.00405597	-30.4
-75	2.69618E-005	-0.000859953	0.00512077	-30
-74	3.93738E-005	-0.000420988	0.00626072	-29.6
-73	5.51485E-005	0.00028666	0.00742067	-29.2
-72	7.45252E-005	0.00127772	0.00853772	-28.8
-71	9.76068E-005	0.00255186	0.00954436	-28.4
-70	0.000124332	0.00409252	0.0103722	-28
-69	0.000154452	0.00586665	0.010956	-27.6
-68	0.000187519	0.00782544	0.0112375	-27.2
-67	0.000222882	0.00990602	0.0111693	-26.8
-66	0.000259699	0.012034	0.0107182	-26.4
-65	0.000296956	0.0141271	0.00986813	-26
-64	0.000333505	0.0160989	0.00862151	-25.6
-63	0.000368108	0.0178634	0.00700062	-25.2
-62	0.000399493	0.0193396	0.00504712	-24.8
-61	0.000426414	0.0204562	0.00282082	-24.4
-60	0.000447719	0.0211556	0.000397307	-24
-59	0.000462413	0.0213975	-0.00213543	-23.6
-58	0.000469715	0.0211613	-0.00468111	-23.2
-57	0.000469116	0.0204484	-0.00713986	-22.8
-56	0.000460413	0.0192822	-0.00941332	-22.4
-55	0.000443737	0.0177075	-0.0114097	-22
-54	0.00041956	0.0157891	-0.0130486	-21.6
-53	0.00038868	0.013608	-0.0142654	-21.2
-52	0.000352197	0.0112585	-0.0150148	-20.8
-51	0.000311465	0.00884252	-0.0152733	-20.4
-50	0.000268023	0.00646501	-0.0150408	-20
-49	0.000223527	0.00422834	-0.0143404	-19.6
-48	0.000179664	0.00222697	-0.0132176	-19.2
-47	0.000138063	0.000542529	-0.0117375	-18.8
-46	0.000100217	-0.000760434	-0.0099819	-18.4
-45	6.73946E-005	-0.00163779	-0.00804439	-18
-44	4.05837E-005	-0.00206804	-0.00602552	-17.6
-43	2.04347E-005	-0.00205324	-0.00402727	-17.2
-42	7.23189E-006	-0.00161863	-0.00214754	-16.8
-41	8.83136E-007	-0.000810952	-0.000474861	-16.4
-40	9.32432E-007	0.000304409	0.000916388	-16
-39	6.59422E-006	0.0016474	0.00196985	-15.6
-38	1.68074E-005	0.00312804	0.00265005	-15.2
-37	3.03056E-005	0.00465168	0.00294406	-14.8
-36	4.57001E-005	0.00612456	0.00286179	-14.4
-35	6.15691E-005	0.00745922	0.00243497	-14
-34	7.65481E-005	0.00857948	0.00171486	-13.6
-33	8.94164E-005	0.00942472	0.00076882	-13.2
-32	9.91721E-005	0.00995325	-0.000324044	-12.8
-31	0.000105093	0.0101444	-0.0014779	-12.4
-30	0.000106776	0.00999937	-0.00260556	-12
-29	0.00010416	0.00954083	-0.00362388	-11.6
-28	9.75162E-005	0.00881104	-0.0044589	-11.2
-27	8.74246E-005	0.00786887	-0.0050503	-10.8
-26	7.47241E-005	0.00678583	-0.00535505	-10.4
-25	6.04457E-005	0.00564133	-0.00534987	-10
-24	4.57332E-005	0.00451739	-0.00503254	-9.6
-23	3.17551E-005	0.00349332	-0.00442174	-9.2
-22	1.96156E-005	0.00264057	-0.0035557	-8.8
-21	1.02699E-005	0.00201802	-0.00248947	-8.4
-20	4.45009E-006	0.0016682	-0.0012912	-8
-19	2.60797E-006	0.00161448	-3.75629E-005	-7.6
-18	4.87727E-006	0.00185952	0.0011914	-7.2
-17	1.10603E-005	0.00238507	0.00231769	-6.8
-16	2.06388E-005	0.00315311	0.00327059	-6.4
-15	3.28103E-005	0.00410829	0.00399152	-6
-14	4.65458E-005	0.00518154	0.00443818	-5.6
-13	6.06673E-005	0.00629459	0.00458753	-5.2
-12	7.39388E-005	0.00736513	0.00443776	-4.8
-11	8.51649E-005	0.00831235	0.00400871	-4.4
-10	9.32907E-005	0.00906245	0.00334106	-4
-9	9.74948E-005	0.00955378	0.00249401	-3.6
-8	9.72702E-005	0.0097413	0.00154187	-3.2
-7	9.24861E-005	0.0096001	0.000569472	-2.8
-6	8.34252E-005	0.00912766	-0.000333072	-2.4
-5	7.07939E-005	0.00834481	-0.00107614	-2
-4	5.57045E-005	0.00729516	-0.00157644	-1.6
-3	3.96267E-005	0.00604317	-0.00176261	-1.2
-2	2.43138E-005	0.00467084	-0.00158022	-0.8
-1	1.17058E-005	0.00327323	-0.00099585	-0.4
0	3.8147E-006	0.00195312	1.10655E-018	0
1	2.60018E-006	0.000815007	0.00139138	0.4
2	9.84151E-006	-4.11486E-005	0.00313685	0.8
3	2.70151E-005	-0.000525998	0.00517092	1.2
4	5.51849E-005	-0.000566472	0.00740702	1.6
5	9.49123E-005	-0.000110601	0.00974167	2
6	0.000146193	0.00086878	0.0120598	2.4
7	0.000208424	0.00237166	0.0142408	2.8
8	0.000280404	0.00436997	0.016165	3.2
9	0.000360368	0.00680832	0.0177205	3.6
10	0.000446053	0.0096062	0.0188089	4
11	0.000534797	0.0126617	0.0193515	4.4
12	0.000623657	0.0158563	0.0192934	4.8
13	0.00070955	0.0190609	0.0186073	5.2
14	0.0007894	0.0221423	0.017295	5.6
15	0.000860285	0.0249699	0.0153879	6
16	0.000919585	0.0274225	0.0129457	6.4
17	0.000965104	0.0293944	0.0100535	6.8
18	0.000995181	0.030801	0.00681777	7.2
19	0.00100876	0.0315827	0.00336098	7.6
20	0.00100546	0.0317084	-0.000184584	8
21	0.000985535	0.0311764	-0.00368341	8.4
22	0.000949914	0.0300144	-0.00700355	8.8
23	0.000900103	0.0282779	-0.0100231	9.2
24	0.000838118	0.0260469	-0.0126363	9.6
25	0.000766372	0.0234216	-0.0147581	10
26	0.000687552	0.0205167	-0.0163284	10.4
27	0.000604481	0.0174557	-0.0173141	10.8
28	0.000519988	0.0143642	-0.0177104	11.2
29	0.000436767	0.0113633	-0.0175397	11.6
30	0.000357267	0.00856424	-0.01685	12
31	0.000283587	0.00606229	-0.015711	12.4
32	0.000217399	0.00393295	-0.0142102	12.8
33	0.000159901	0.00222868	-0.0124473	13.2
34	0.000111795	0.00097717	-0.010528	13.6
35	7.32894E-005	0.000181057	-0.00855901	14
36	4.41383E-005	-0.000181005	-0.0066412	14.4
37	2.36919E-005	-0.000151924	-0.00486506	14.8
38	1.0972E-005	0.000207363	-0.00330591	15.2
39	4.75878E-006	0.000822323	-0.00202054	15.6
40	3.68364E-006	0.00160987	-0.00104497	16
41	6.32367E-006	0.00248371	-0.000393513	16.4
42	1.12907E-005	0.00335964	-5.9171E-005	16.8
43	1.73104E-005	0.00416055	-1.52442E-005	17.2
44	2.32869E-005	0.00482072	-0.000218097	17.6
45	2.83505E-005	0.00528936	-0.000610817	18
46	3.18854E-005	0.00553299	-0.00112755	18.4
47	3.35392E-005	0.00553672	-0.00169821	18.8
48	3.32129E-005	0.00530431	-0.00225327	19.2
49	3.10345E-005	0.00485702	-0.00272835	19.6
50	2.73198E-005	0.00423146	-0.00306831	20
51	2.25227E-005	0.00347648	-0.0032306	20.4
52	1.71806E-005	0.00264938	-0.0031877	20.8
53	1.18585E-005	0.00181172	-0.00292852	21.2
54	7.09554E-006	0.00102496	-0.00245866	21.6
55	3.35858E-006	0.000346229	-0.00179964	22
56	1.00506E-006	-0.000175518	-0.000987042	22.4
57	2.5732E-007	-0.000502715	-6.78078E-005	22.8
58	1.18971E-006	-0.000611582	0.000903146	23.2
59	3.72846E-006	-0.000493577	0.00186677	23.6
60	7.6637E-006	-0.000155819	0.00276395	24
61	1.26717E-005	0.000379513	0.00353945	24.4
62	1.83456E-005	0.00107675	0.00414562	24.8
63	2.42306E-005	0.00188918	0.00454551	25.2
64	2.98631E-005	0.00276214	0.00471526	25.6
65	3.48069E-005	0.0036366	0.00464565	26
66	3.86881E-005	0.00445304	0.00434264	26.4
67	4.12221E-005	0.00515522	0.00382699	26.8
68	4.22343E-005	0.00569379	0.00313291	27.2
69	4.16708E-005	0.0060294	0.0023059	27.6
70	3.95998E-005	0.00613517	0.00139984	28
71	3.6204E-005	0.0059983	0.000473702	28.4
72	3.17645E-005	0.0056209	-0.000412188	28.8
73	2.66379E-005	0.0050198	-0.00119979	29.2
74	2.12289E-005	0.00422548	-0.00183691	29.6
75	1.59594E-005	0.00328018	-0.00228032	30
76	1.12383E-005	0.00223535	-0.0024983	30.4
77	7.43252E-006	0.00114851	-0.00247254	30.8
78	4.84218E-006	7.98054E-005	-0.00219905	31.2
79	3.68142E-006	-0.000911513	-0.00168836	31.6
80	4.06572E-006	-0.00177057	-0.000964781	32
81	6.0067E-006	-0.00245	-6.48433E-005	32.4
82	9.41419E-006	-0.00291258	0.000964916	32.8
83	1.41053E-005	-0.00313326	0.00207075	33.2
84	1.98195E-005	-0.0031004	0.00319484	33.6
85	2.62379E-005	-0.00281624	0.00427864	34
86	3.30065E-005	-0.0022965	0.00526618	34.4
87	3.97596E-005	-0.00156929	0.00610712	34.8
88	4.61434E-005	-0.000673247	0.00675945	35.2
89	5.18379E-005	0.000344823	0.00719159	35.6
90	5.65743E-005	0.00143274	0.00738387	36
91	6.01491E-005	0.00253595	0.00732926	36.4
92	6.24324E-005	0.00360059	0.00703336	36.8
93	6.3371E-005	0.00457633	0.0065137	37.2
94	6.29862E-005	0.00541905	0.00579829	37.6
95	6.13667E-005	0.0060929	0.00492375	38
96	5.86582E-005	0.00657192	0.00393295	38.4
97	5.50497E-005	0.00684098	0.00287241	38.8
98	5.07577E-005	0.00689601	0.00178961	39.2
99	4.60111E-005	0.00674371	0.000730398	39.6
100	4.10358E-005	0.0064005	-0.000263409	40
101	3.60411E-005	0.00589107	-0.00115603	40.4
102	3.12095E-005	0.00524651	-0.00191928	40.8
103	2.66884E-005	0.00450216	-0.00253357	41.2
104	2.2586E-005	0.00369535	-0.00298838	41.6
105	1.89701E-005	0.00286319	-0.00328212	42
106	1.587E-005	0.0020405	-0.00342147	42.4
107	1.32811E-005	0.00125803	-0.0034203	42.8
108	1.11711E-005	0.0005411	-0.00329823	43.2
109	9.48788E-006	-9.13731E-005	-0.00307889	43.6
110	8.16711E-006	-0.000627338	-0.00278811	44
111	7.14013E-006	-0.00106159	-0.00245217	44.4
112	6.34055E-006	-0.00139534	-0.00209608	44.8
113	5.7095E-006	-0.00163535	-0.00174216	45.2
114	5.19923E-006	-0.00179282	-0.00140891	45.6
115	4.77482E-006	-0.00188205	-0.00111027	46
116	4.41415E-006	-0.00191904	-0.000855233	46.4
117	4.10645E-006	-0.00192006	-0.000647942	46.8
118	3.84955E-006	-0.00190036	-0.000488031	47.2
119	3.64662E-006	-0.00187316	-0.000371355	47.6
120	3.50257E-006	-0.00184877	-0.000290925	48
121	3.42076E-006	-0.00183415	-0.000237981	48.4
122	3.40037E-006	-0.00183279	-0.000203116	48.8
123	3.43475E-006	-0.0018448	-0.000177347	49.2
124	3.51088E-006	-0.00186747	-0.00015306	49.6
125	3.61004E-006	-0.00189591	-0.000124742	50
126	3.70951E-006	-0.00192393	-8.94609E-005	50.4
127	3.7852E-006	-0.00194499	-4.70484E-005	50.8
128	3.8147E-006	-0.00195312	-2.1684E-019	51.2
129	3.78051E-006	-0.00194379	4.69075E-005	51.6
130	3.67306E-006	-0.00191454	8.72301E-005	52
131	3.49296E-006	-0.00186549	0.000113646	52.4
132	3.25232E-006	-0.0017995	0.000118845	52.8
133	2.97493E-006	-0.0017221	9.6444E-005	53.2
134	2.69498E-006	-0.00164111	4.18304E-005	53.6
135	2.45467E-006	-0.00156603	-4.71222E-005	54
136	2.30056E-006	-0.00150725	-0.000169551	54.4
137	2.27922E-006	-0.00147511	-0.000321353	54.8
138	2.43232E-006	-0.00147888	-0.00049522	55.2
139	2.79185E-006	-0.00152582	-0.000680966	55.6
140	3.37574E-006	-0.00162036	-0.000866126	56
141	4.18441E-006	-0.00176337	-0.0010368	56.4
142	5.19871E-006	-0.00195179	-0.00117866	56.8
143	6.37943E-006	-0.00217852	-0.00127808	57.2
144	7.66856E-006	-0.00243259	-0.00132327	57.6
145	8.99234E-006	-0.00269969	-0.00130538	58
146	1.0266E-005	-0.00296296	-0.00121936	58.4
147	1.13996E-005	-0.00320406	-0.00106471	58.8
148	1.23053E-005	-0.00340438	-0.000845836	59.2
149	1.29041E-005	-0.00354638	-0.000572153	59.6
150	1.31337E-005	-0.00361487	-0.000257755	60
151	1.29542E-005	-0.00359832	7.92031E-005	60.4
152	1.23533E-005	-0.00348984	0.000417475	60.8
153	1.13497E-005	-0.00328801	0.000733947	61.2
154	9.99394E-006	-0.0029973	0.00100505	61.6
155	8.36747E-006	-0.00262821	0.0012083	62
156	6.57885E-006	-0.00219691	0.0013238	62.4
157	4.75817E-006	-0.00172458	0.00133566	62.8
158	3.04949E-006	-0.00123634	0.00123327	63.2
159	1.602E-006	-0.000759911	0.00101219	63.6
160	5.60343E-007	-0.000324044	0.000674787	64
161	5.49396E-008	4.31675E-005	0.000230383	64.4
162	1.92856E-007	0.000316003	-0.000304956	64.8
163	1.04993E-006	0.000472736	-0.000909094	65.2
164	2.66472E-006	0.000497062	-0.00155488	65.6
165	5.03471E-006	0.00037924	-0.00221154	66
166	8.11509E-006	0.00011687	-0.0028463	66.4
167	1.18202E-005	-0.000284753	-0.00342624	66.8
168	1.60275E-005	-0.000812737	-0.00392008	67.2
169	2.05842E-005	-0.00144713	-0.0043	67.6
170	2.5315E-005	-0.0021619	-0.00454326	68
171	3.00325E-005	-0.00292627	-0.00463351	68.4
172	3.45469E-005	-0.00370633	-0.00456179	68.8
173	3.86768E-005	-0.0044669	-0.00432707	69.2
174	4.22588E-005	-0.00517339	-0.00393635	69.6
175	4.51563E-005	-0.00579371	-0.00340429	70
176	4.72659E-005	-0.0063	-0.00275243	70.4
177	4.85221E-005	-0.00667011	-0.00200792	70.8
178	4.88994E-005	-0.00688872	-0.00120208	71.2
179	4.84123E-005	-0.00694812	-0.000368563	71.6
180	4.71121E-005	-0.0068485	0.000458458	72
181	4.5083E-005	-0.00659773	0.00124619	72.4
182	4.24349E-005	-0.00621077	0.00196499	72.8
183	3.92965E-005	-0.00570867	0.00258991	73.2
184	3.5807E-005	-0.00511713	0.00310193	73.6
185	3.21079E-005	-0.00446497	0.00348884	74
186	2.83358E-005	-0.00378229	0.00374568	74.4
187	2.46153E-005	-0.00309874	0.00387468	74.8
188	2.10543E-005	-0.00244176	0.00388486	75.2
189	1.774E-005	-0.00183505	0.00379112	75.6
190	1.47375E-005	-0.00129736	0.00361309	76
191	1.20895E-005	-0.000841493	0.00337363	76.4
192	9.81748E-006	-0.000473908	0.00309724	76.8
193	7.92472E-006	-0.000194568	0.00280836	77.2
194	6.39969E-006	2.67561E-006	0.00252976	77.6
195	5.22012E-006	0.000129358	0.00228109	78
196	4.35725E-006	0.000201321	0.00207767	78.4
197	3.77968E-006	0.000237381	0.00192959	78.8
198	3.45662E-006	0.000257833	0.00184123	79.2
199	3.36028E-006	0.000282888	0.00181115	79.6
200	3.46726E-006	0.000331154	0.00183237	80
